world: 3c8f486a-df46-4044-95a6-2718f60da732
world-name: Buildings
x: 208.24515460468254
y: -60.0
z: -357.4953228345949
yaw: -112.707275390625
pitch: 20.849945068359375
name: Block_Info
lastowner: 12304115-5929-348e-b020-7016bbada3f0
